{"frame": "0000", "file_name": "renders/render_0000.png", "depth_image": "depth/depth_0000.npy", "normals_image": "normals/normals_0000.npy", "conditioning_image": "conditioning/conditioning_0000.png", "text": "Cloth Scarf, Cashmere texture, a photorealistic 3D render of a cashmere cloth with polkadot pattern, physical rendering, detailed fabric folds", "keyword": "cashmere pattern", "texture_type": "Cashmere texture", "mesh_file": "../cloth_meshes/uploads-files-5614549-Scarf.obj", "cam_origin": [-4.18580961227417, 137.82302856445312, 74.31336102528078], "cam_target": [-4.18580961227417, 137.82302856445312, -6.826076030731201], "fov_deg": 40, "mesh_transform": [[-0.29622912406921387, -0.22487744688987732, -0.9282663464546204, 19.23110580444336], [0.0, 0.9718877077102661, -0.23544494807720184, 2.267361879348755], [0.955116868019104, -0.06974565237760544, -0.2879014313220978, 4.8191819190979], [0.0, 0.0, 0.0, 1.0]], "num_lights": 6, "lights": [{"type": "directional", "direction": [0.8428493095390734, -0.18885936023993627, -0.560897833705901], "irradiance": [3.354232761816799, 3.7735118570438986, 5.450628237952298], "temperature": "cool"}, {"type": "directional", "direction": [0.5932792261895359, 0.32279730478245927, -0.7094553607405227], "irradiance": [2.8350257601033646, 2.1807890462333575, 1.52655233236335], "temperature": "warm"}, {"type": "spot", "position": [-0.33480224833824934, 229.19836798402508, -46.37864192904193], "target": [-5.30511453141529, 129.90719822512204, -14.652704614031475], "cutoff_angle": 52.440901605659825, "beam_width": 29.105380474031048, "intensity": [21533.496846057646, 24225.183951814848, 34991.93237484367], "temperature": "cool"}, {"type": "spot", "position": [-26.334205973717864, 206.2807958246127, -36.01636018452592], "target": [-2.059216546456515, 133.50983497753998, -14.906494498143106], "cutoff_angle": 38.61738805588405, "beam_width": 24.583089293579068, "intensity": [13091.523491089043, 14727.963927475172, 21273.725673019693], "temperature": "cool"}, {"type": "directional", "direction": [0.5771369739007632, 0.5997108676519924, -0.20188657737191806], "irradiance": [1.0295862792361472, 1.0295862792361472, 1.0295862792361472], "temperature": "neutral"}, {"type": "directional", "direction": [-0.1044956125505292, 0.8499918880723956, -0.35730165343473763], "irradiance": [1.14393852092911, 1.2869308360452487, 1.8589000965098037], "temperature": "cool"}], "material_type": "cashmere", "material_props": {"roughness": 0.747, "specular": 0.1649, "sheen": 0.6277, "sheen_tint": 0.7674, "anisotropic": 0.0276, "spec_trans": 0.0, "clearcoat": 0.0}, "texture_pattern": "polkadot", "texture_params": {"colors": [[123, 230, 92], [219, 208, 236]], "dot_radius": 17, "spacing": 66}, "texture_file": "textures/texture_0000.png", "texture_tiling": [3.7267857457866445, 13.273477104394633]}
{"frame": "0001", "file_name": "renders/render_0001.png", "depth_image": "depth/depth_0001.npy", "normals_image": "normals/normals_0001.npy", "conditioning_image": "conditioning/conditioning_0001.png", "text": "Cloth Scarf, Cashmere texture, a photorealistic 3D render of a cashmere cloth with checkerboard pattern, physical rendering, detailed fabric folds", "keyword": "cashmere pattern", "texture_type": "Cashmere texture", "mesh_file": "../cloth_meshes/uploads-files-1845153-Wool_Scarf.obj", "cam_origin": [0.7803502082824707, 149.2135009765625, 93.58649518239196], "cam_target": [0.7803502082824707, 149.2135009765625, -0.8831501007080078], "fov_deg": 40, "mesh_transform": [[-0.5027286410331726, -0.2576291859149933, 0.8251612782478333, 40.34314727783203], [0.0, 0.9545568823814392, 0.2980286777019501, 7.043935298919678], [-0.8644443154335022, 0.14982755482196808, -0.479883074760437, -22.988683700561523], [0.0, 0.0, 0.0, 1.0]], "num_lights": 1, "lights": [{"type": "directional", "direction": [0.3783452715707931, 0.9082549700531752, -0.34147541914884394], "irradiance": [3.4722961340456693, 3.906333150801378, 5.642481217824213], "temperature": "cool"}], "material_type": "cashmere", "material_props": {"roughness": 0.5493, "specular": 0.311, "sheen": 0.6018, "sheen_tint": 0.5044, "anisotropic": 0.0746, "spec_trans": 0.0, "clearcoat": 0.0}, "texture_pattern": "checkerboard", "texture_params": {"colors": [[100, 121, 149], [202, 203, 146]], "cell_size": 64}, "texture_file": "textures/texture_0001.png", "texture_tiling": [3.359966301210486, 5.462279312167292]}
{"frame": "0002", "file_name": "renders/render_0002.png", "depth_image": "depth/depth_0002.npy", "normals_image": "normals/normals_0002.npy", "conditioning_image": "conditioning/conditioning_0002.png", "text": "Cloth Scarf, Linen texture, a photorealistic 3D render of a linen cloth with herringbone pattern, physical rendering, detailed fabric folds", "keyword": "linen pattern", "texture_type": "Linen texture", "mesh_file": "../cloth_meshes/uploads-files-3794072-scarf.obj", "cam_origin": [0.013175498694181442, 1.4360569715499878, 1.0031921594096636], "cam_target": [0.013175498694181442, 1.4360569715499878, 0.01884949952363968], "fov_deg": 40, "mesh_transform": [[-0.798155665397644, 0.00216686655767262, 0.6024473309516907, 0.009224023669958115], [0.0, 0.9999935030937195, -0.0035967500880360603, 7.709526107646525e-05], [-0.6024512648582458, -0.002870766445994377, -0.7981504797935486, 0.04595441743731499], [0.0, 0.0, 0.0, 1.0]], "num_lights": 1, "lights": [{"type": "directional", "direction": [-0.4998571746343008, 0.9231043546702677, -0.6670505839089598], "irradiance": [3.8076258604556834, 3.8076258604556834, 3.8076258604556834], "temperature": "neutral"}], "material_type": "linen", "material_props": {"roughness": 0.7444, "specular": 0.1402, "sheen": 0.2006, "sheen_tint": 0.34, "anisotropic": 0.1386, "spec_trans": 0.0, "clearcoat": 0.0}, "texture_pattern": "herringbone", "texture_params": {"colors": [[120, 184, 231], [72, 117, 153]], "block_width": 14}, "texture_file": "textures/texture_0002.png", "texture_tiling": [0.254496673024192, 0.1295975169554254]}
